4294967279,101
4294967279,100
4294967279,99
4294967279,98
4294967279,97
4294967279,96
4294967279,95
4294967279,94
4294967279,93
4294967279,92
4294967279,91
4294967279,90
4294967279,89
4294967279,87
4294967279,86
4294967279,85
4294967279,84
4294967279,83
4294967279,82
4294967279,81
4294967279,80
4294967279,79
4294967279,78
4294967279,77
4294967279,76
4294967279,75
4294967279,74
4294967278,35
4294967278,34
4294967278,33
4294967278,32
4294967278,31
4294967278,30
4294967278,29
4294967278,28
4294967278,27
4294967278,26
4294967278,25
4294967278,24
4294967278,23
4294967278,22
4294967278,21
4294967278,20
4294967278,19
4294967278,18
4294967278,17
4294967278,16
4294967278,15
4294967278,14
4294967278,13
4294967278,12
4294967278,11
4294967278,10
4294967278,9
4294967278,7
4294967279,124
4294967279,123
4294967279,122
4294967279,121
4294967279,119
4294967279,245
4294967279,118
4294967279,117
4294967279,241
4294967279,116
4294967279,115
4294967279,114
4294967279,113
4294967279,235
4294967279,112
4294967279,233
4294967279,111
4294967279,231
4294967279,110
4294967279,109
4294967279,227
4294967279,108
4294967279,107
4294967279,223
4294967279,106
4294967279,105
4294967279,104
4294967279,103
4294967279,102
4294967279,24
4294967279,23
4294967279,21
4294967279,20
4294967279,19
4294967279,17
4294967279,16
4294967279,15
4294967279,12
4294967279,11
4294967279,10
4294967278,331
4294967278,8
4294967279,285
4294967279,394
4294967278,330
4294967278,6
4294967279,261
4294967278,5
4294967278,286
4294967279,275
4294967278,329
4294967278,4
4294967279,258
4294967294,38
4294967294,37
4294967294,36
4294967294,39
4294967294,1241
4294967278,328
4294967278,327
4294967279,393
4294967279,392
4294967279,132
4294967278,326
4294967279,391
4294967279,131
4294967278,325
4294967279,390
4294967279,130
4294967279,389
4294967279,129
4294967278,324
4294967279,255
4294967279,388
4294967279,128
19,5
4294967278,323
19,4
4294967279,387
4294967279,127
19,3
19,2
19,1
4294967279,386
4294967279,126
4294967278,322
4294967294,40
4294967279,247
4294967278,253
4294967279,385
4294967279,384
4294967279,125
4294967278,321
4294967278,320
4294967279,254
4294967279,120
4294967279,248
4294967279,253
4294967278,252
4294967279,250
18,5
4294967278,250
18,4
4294967279,249
18,3
18,2
18,1
4294967279,319
4294967278,248
4294967294,409
4294967294,413
4294967294,385
4294967294,178
4294967294,421
4294967294,407
4294967294,599
4294967294,425
4294967294,384
4294967294,167
4294967294,113
4294967294,466
4294967294,118
4294967278,245
4294967278,241
4294967278,238
4294967278,237
4294967278,236
4294967278,234
4294967278,232
4294967278,229
4294967278,228
4294967278,231
4294967278,227
4294967294,165
4294967294,166
4294967278,225
4294967278,221
4294967278,218
4294967278,216
4294967278,213
4294967278,214
4294967278,319
4294967278,212
4294967278,211
4294967279,318
4294967278,210
4294967278,209
4294967279,317
4294967278,318
4294967278,207
4294967278,317
4294967279,316
4294967294,1248
4294967278,316
4294967279,315
4294967278,315
4294967279,314
4294967278,314
4294967278,202
4294967278,201
4294967278,199
4294967278,200
4294967278,313
4294967278,198
4294967278,197
4294967279,313
4294967278,196
4294967278,195
0,5
4294967279,312
4294967278,312
4294967278,193
4294967278,311
4294967279,311
4294967278,310
4294967294,392
4294967294,393
4294967294,389
4294967294,115
4294967294,1078
4294967279,310
4294967278,309
4294967279,309
4294967278,308
4294967278,188
4294967278,187
4294967278,185
4294967294,89
4294967278,186
4294967278,307
4294967278,184
4294967278,183
4294967279,308
4294967278,182
4294967278,181
4294967279,307
4294967278,306
4294967278,179
4294967278,305
4294967294,1068
4294967294,1246
4294967294,1072
4294967294,186
4294967279,306
4294967294,390
4294967294,31
4294967294,61
4294967294,50
4294967294,1160
4294967294,1159
4294967294,1158
4294967294,1157
4294967294,1156
4294967294,1155
4294967294,1154
4294967294,1153
4294967294,1152
4294967294,1085
4294967294,1084
4294967294,1082
4294967294,1081
4294967294,1080
4294967294,1079
4294967294,1077
4294967294,1076
4294967294,1075
4294967294,1074
4294967294,1073
4294967294,1070
4294967294,1069
4294967294,1067
4294967294,1066
4294967294,1065
